16556	19563168
12068	31787038
9853	19682017
9023	39906815
4379	39420364
4286	19679597
3430	19629920
2796	32190812
1982	19582937
1866	20739844
1561	19765823
1512	19829807
1297	19559893
1220	20566600
1132	19620055
1051	19750380
970	19573278
960	20786767
915	21323240
889	19677193
845	19576250
839	19594403
745	19759929
564	20718136
558	19555397
543	19669833
535	19867560
530	20787392
474	19885759
459	20759456
358	19728704
351	19560171
341	19728152
312	20556152
312	19785586
312	19674467
299	19791269
281	20355474
276	20245161
265	19769811
247	19815193
247	19706799
245	19609740
238	19559454
230	19790652
219	19579097
212	19573718
206	20459074
205	19578922
184	19571267
183	20462572
180	19580033
178	19589511
174	20784758
173	19713203
172	19573590
164	19890970
163	20791797
155	19915973
144	19792259
142	19678600
142	19674535
140	19651451
136	19568552
135	19582406
130	19815299
129	20205175
126	19793499
125	19579452
119	19758501
113	19583005
113	19558698
112	19577226
103	20462564
101	19559026
96	20556153
95	19612620
94	19558692
88	20459204
74	20794902
74	19562988
74	19558977
71	19586774
69	19588094
67	19578465
63	19679835
59	19684721
57	19739871
56	19558794
52	19678881
49	19559374
48	19815495
46	19563723
41	19587739
40	19572219
40	19560147
29	19558683
27	19560405
26	19695075
25	19559344
21	19564832
18	19553320
17	20205227
17	19560495
16	19581808
14	19576270
11	19762721
